1007.45
965.81
1032.71
1062.20
1085.93
1140.49
1156.96
1320.65
1306.20
1349.66
1443.57
1479.46
1498.01
1637.75
1641.37
1616.89
1676.76
1681.02
1743.95
1763.74
1829.38
1900.52
1871.77
1823.34
1955.78
1942.25
1861.83
1916.65
2066.77
2101.89
2032.19
2001.09
1729.18
1590.71
1597.11
1608.96
1624.31
1524.73
1658.97
1785.25
1812.42
1821.95
1827.08
1751.57
1790.36
1869.40
1851.82
1808.43
1692.63
1835.08
1903.21
1945.69
1972.60
2039.86
1937.86
1815.79
1735.39
1795.17
1700.69
1759.74
1788.04
1816.07
1890.22
1993.79
1970.71
1884.20
1914.26
1976.41
2143.08
2121.52
2159.20
2117.96
2211.17
2276.46
2272.82
2189.85
2133.06
2148.03
1970.09
1980.99
2051.09
1950.41
1872.97
1925.97
1942.93
1847.12
1833.73
1792.74
1890.88
1968.36
1916.16
1928.07
1948.91
1857.87
1777.26
1862.27
1837.76
1938.30
1972.74
1988.18
2091.66
2115.09
2111.62
2037.23
2001.21
2049.41
2149.32
2227.50
2266.56
2390.15
2584.58
2633.35
2573.97
2686.75
2739.42
2961.78
2958.39
2930.28
2931.30
2778.62
2893.41
2994.02
3241.48
3598.76
3858.68
4004.88
4121.80
4279.27
3970.38
3563.55
3301.28
3697.11
3743.17
4129.03
4132.62
4142.16
4321.32
4357.90
4425.11
4562.13
4428.27
4634.11
4639.11
5125.23
5570.72
5679.68
6126.63
6386.41
6233.57
6347.13
6547.26
6512.80
6568.33
6562.18
6172.85
6210.25
5909.15
5827.86
5655.97
5204.15
5320.36
5562.35
5287.44
4995.78
4911.97
4137.57
4263.20
4520.03
4511.24
4517.85
4340.53
4584.56
4531.18
4380.48
3950.00
3500.06
3391.33
3087.33
2960.77
3192.85
3145.82
3048.79
2820.93
2690.58
2866.66
2947.44
3107.12
3125.99
3241.21
3338.34
3309.75
3399.22
3483.30
3639.50
3681.48
3658.10
3743.67
3629.42
3709.06
3632.93
3570.00
3675.91
3697.39
3790.54
3795.89
3857.71
3988.00
4055.78
4031.76
4041.38
4190.01
4356.17
4443.60
4490.30
4477.68
4535.48
4693.20
4832.58
4978.26
5108.55
5196.67
5083.71
4793.90
4904.88
5070.66
5156.91
5335.38
5414.67
5440.21
5587.65
5690.27
5497.56
5817.14
6044.75
6018.06
5988.55
5534.76
5598.33
5784.69
5567.67
5622.22
5186.09
4853.84
4643.53
4891.99
5020.36
4687.14
4286.99
4395.68
4243.30
3501.11
3301.87
3194.67
3119.42
2922.30
2725.56
2987.56
3238.08
3254.19
3205.20
3528.31
3731.38
3794.14
3748.71
3846.22
3937.55
3697.42
3912.44
3985.00
3574.88
3561.96
3536.41
3626.65
3716.83
3792.51
3828.22
3846.08
3955.86
4056.82
